0
0
111
-55 1.1358544359583167e-19
-54 -8.664715322144971e-07
-53 1.0217774710582537e-05
-52 2.5156757451945178e-05
-51 -1.8233804493240705e-05
-50 -9.617791549918895e-05
-49 -4.3655604474015575e-05
-48 0.0001550427662601184
-47 0.00019676698173049163
-46 -8.97452524445065e-05
-45 -0.00032617894560223973
-44 -0.00010568016514364552
-43 0.0002654496215658504
-42 0.00022158700025881904
-41 -5.197689733803878e-05
-40 3.1647092050138283e-19
-39 7.4442288921509e-05
-38 -0.0004554921245803195
-37 -0.0007865749519488878
-36 0.0004545362304608122
-35 0.002056626448690746
-34 0.00084097872763619
-33 -0.002791925598260751
-32 -0.003417030891271873
-31 0.0015482597589624246
-30 0.005773783618176329
-29 0.0019992183196895588
-28 -0.005700422524919587
-27 -0.0060236400641164355
-26 0.0023503463156649153
-25 0.00746178527799351
-24 0.002146942031048229
-23 -0.004853825086112965
-22 -0.0036879610399851125
-21 0.0007949631640352641
-20 -2.2426909475198733e-18
-19 -0.0009850815369168505
-18 0.00566649375038352
-17 0.009259291963400614
-16 -0.0050949740191638775
-15 -0.02208911616341561
-14 -0.008710144193317438
-13 0.028071183296879906
-12 0.03359236193940541
-11 -0.015000819432275657
-10 -0.055631653356281625
-9 -0.019358857803743038
-8 0.05618033701821508
-7 0.061382340263124675
-6 -0.02527522437762303
-5 -0.0870647985008218
-4 -0.028295291999892502
-3 0.0770071369580263
-2 0.07915267276082837
-1 -0.030733634892397978
0 0.8999999999999998
1 -0.030733634892397978
2 0.07915267276082837
3 0.0770071369580263
4 -0.028295291999892502
5 -0.0870647985008218
6 -0.02527522437762303
7 0.061382340263124675
8 0.05618033701821508
9 -0.019358857803743038
10 -0.055631653356281625
11 -0.015000819432275657
12 0.03359236193940541
13 0.028071183296879906
14 -0.008710144193317438
15 -0.02208911616341561
16 -0.0050949740191638775
17 0.009259291963400614
18 0.00566649375038352
19 -0.0009850815369168505
20 -2.2426909475198733e-18
21 0.0007949631640352641
22 -0.0036879610399851125
23 -0.004853825086112965
24 0.002146942031048229
25 0.00746178527799351
26 0.0023503463156649153
27 -0.0060236400641164355
28 -0.005700422524919587
29 0.0019992183196895588
30 0.005773783618176329
31 0.0015482597589624246
32 -0.003417030891271873
33 -0.002791925598260751
34 0.00084097872763619
35 0.002056626448690746
36 0.0004545362304608122
37 -0.0007865749519488878
38 -0.0004554921245803195
39 7.4442288921509e-05
40 3.1647092050138283e-19
41 -5.197689733803878e-05
42 0.00022158700025881904
43 0.0002654496215658504
44 -0.00010568016514364552
45 -0.00032617894560223973
46 -8.97452524445065e-05
47 0.00019676698173049163
48 0.0001550427662601184
49 -4.3655604474015575e-05
50 -9.617791549918895e-05
51 -1.8233804493240705e-05
52 2.5156757451945178e-05
53 1.0217774710582537e-05
54 -8.664715322144971e-07
55 1.1358544359583167e-19
